0.00363080973216403
0.00318104400554235
2.799999775133e-05
0.000718453579224995
0.00309979152029494
0.00201223042482071
0.00372137674548981
0.00227909426403631
0.00231817327769385
0.00554712066342723
5.54159491290478e-05
0.00010499385491016
0.00883512362075723
0.00366529868127669
0.00760178952386477
0.000332008605702385
0.00181102585065721
0.00189740067459116
0.00624489282728306
0.00911983249322007
0.0047186214515891
0.013745688430876
0.00404603926091236
0.0191984408528799
0.0288348788182025
0.00774567212447604
0.0115696090610988
0.00493711947383336
0.00235196289194878
0.00317530559288697
0.00223991459447129
0.00257456313671076
0.00508752040708756
0.0200312684281705
3.44998273408521e-05
0.00240012393865968
0.00256233766334888
0.00151300934511001
0.00169502076326294
0.00139167319044691
0.000118837996413739
0.00132972721583016
0.00227938563247277
0.00131976545450069
0.0181931300454774
0.00280060737535271
0.0107053677842335
0.00177123156938406
0.0156595767635861
0.0173551806851495
0.00712221083104303
0.00168944902162939
0.0394969154536586
0.00759410578444715
0.00203326256794185
0.00122198374919827
0.00277200992611604
0.0029836351053473
0.00978808648533832
0.00148387439884506
0.00427739803630559
0.00119880840146004
0.00721730522623076
0.0118167870304454
0.0104821257140716
0.00238425197644351
0.00413845767577376
0.00349087650685035
0.00211545425629007
0.00364708019258577
0.000192780521346346
0.00097714244472268
0.00149419273166977
0.00128061626645787
0.00719987517979997
0.00296246510161737
0.00377709177252628
0.00324434158837598
0.00138330753643643
0.00957788961897166
0.00228207134992782
0.00426267577509252
0.00144458272998698
0.0173258398117567
0.00226935408530377
0.00263649168263778
0.0112669288834662
0.00213587990566103
0.00175694548168181
0.00200433175700652
2.74999999998763e-05
0.00851335841958704
0.0067329667563787
0.00397385887555648
0.00162303625263614
0.0190455149252108
0.0125908503746504
0.00549706528494954
0.00110665895600216
0.00151576973574231
0.0032977861369586
0.0023048497728991
0.00232694522917642
0.00292160608277216
0.00135421577400125
0.00347471289130499
0.00529425392119456
0.00606251604624458
0.00127134569729387
0.0024938859001963
0.0023651338625872
0.00386173892579838
0.00233582406601964
0.00267294101984613
0.000923069575502534
0.00115675961375493
0.00120067925853954
0.00291775259081861
4.64986608185731e-05
0.00144101267960754
0.00180407520381837
0.0103514908262247
0.00876196720137376
0.00337998977446172
0.00710747067206606
0.00984291102283822
0.0272252599886294
0.0135930129200443
0.00697700898710419
0.00137556548862157
0.00216896777843705
0.00162762868159782
0.00345680174572148
0.00184364062968591
0.00453898006359361
0.0017392016922933
0.00195914345191832
0.00108864917167414
0.00113555291601511
0.00281991652823031
0.0109516947998383
0.00171631411903454
0.00577317381057652
0.00362024012477244
0.00250730122664414
0.00259475544995505
0.00153840072172831
0.0019942965128305
0.00412380849963402
0.00157482561003799
0.00166166106874037
0.00162826970462858
0.00200006360069788
0.00952422721092396
7.19528857091116e-05
0.00764696811018728
0.00266505011928782
0.006725
0.00252758538529274
0.00383006538335233
0.00214085131673021
3.04999934764473e-05
0.00235158228094294
0.000510451581983148
0.00346550199594226
0.00799731203540636
0.00295814824567731
0.000372300026207444
0.00382082433144485
0.0270371440032234
0.0109240837430908
0.0131704950034666
0.00108763757607829
0.00757291237344952
0.00124676461867834
9.77777745660142e-05
0.0168239423047159
0.000584069166764792
0.00111752069821589
0.00797093908865696
0.00395078252703162
0.000284492431632441
0.00212072161709663
0.00275116385200819
0.0119532182059731
0.0187542395766318
0.000282508071399563
0.00211684418970627
0.0029549733030434
0.00233368219580545
0.0127979595059994
0.00112446452256034
0.00440681417509839
0.00475396426174162
0.00861529339748304
0.00124952723983152
0.00178939906227835
0.00967673575064285
0.0130273407435979
0.001933282205081
